57.1402
479.8301
187.1470
274.0851
101.2292
44.9417
352.9737
101.8162
44.9152
310.8641
334.0148
223.4723
269.2143
68.4538
199.3735
62.2485
171.4380
398.4733
83.9855
620.3210
153.4203
300.2513
97.1480
264.7402
160.3033
120.3726
136.6870
123.0032
135.7865
194.0242
311.0243
103.7039
26.4564
307.7161
280.3041
123.7343
181.8350
181.3556
93.3851
150.2008
508.2698
85.0349
70.9594
128.6719
443.7730
185.0817
523.3078
163.2117
300.3571
36.2060
175.0768
105.8918
380.4000
203.7794
194.0305
109.5181
184.2471
273.4698
134.3175
137.7945
82.3061
189.1912
33.1872
179.1156
329.7954
140.4528
74.2184
211.6428
222.9833
260.6578
43.1958
123.7946
196.3397
280.4427
324.5415
263.6076
198.1659
107.9577
60.0396
151.6705
144.4557
198.1978
190.6201
304.0178
426.6726
112.3470
60.8681
254.0490
263.0083
54.7533
563.3284
81.1569
117.2510
46.4229
142.4731
124.3106
170.4112
81.5700
82.8252
323.7832
300.9053
83.7590
217.8985
243.1326
359.2949
125.0909
338.1698
156.6523
191.6883
155.9588
147.9795
193.6859
161.2615
103.2526
59.0545
211.1770
429.6098
58.1165
231.8407
173.7921
173.6289
308.2962
117.5763
281.4505
190.1359
82.8540
61.5736
128.4032
77.9157
150.0771
45.5129
207.2234
82.4011
259.1424
323.5363
278.9178
346.2335
116.6417
65.5395
174.2766
98.1616
247.8202
120.5579
173.7899
137.0957
251.3249
321.3716
71.6280
122.6553
60.1988
230.8918
201.4759
147.1347
274.3424
146.8111
170.1188
261.7900
207.0786
153.2247
384.1737
75.0733
210.4024
68.8503
261.0428
169.6766
113.8711
181.4058
75.6180
303.3049
138.9905
294.5137
323.5920
385.0177
212.8253
154.9350
105.4223
230.1691
172.2590
110.1475
375.0961
49.0215
142.7456
218.5552
119.2780
80.1855
394.5972
251.1624
94.1513
266.4839
233.1458
154.4976
90.9657
361.4860
153.6654
147.9328
350.9552
161.3672
215.3560
100.4178
357.7740
148.7356
111.3143
108.9596
118.5556
53.5216
80.9488
158.8275
74.3533
119.8047
127.7830
439.3981
148.5494
242.6197
298.0659
113.3864
262.6913
48.5562
60.0410
77.6408
168.8021
101.3291
235.0353
148.6104
226.8268
261.0468
369.6308
209.8508
21.8763
130.1502
450.0654
231.3339
104.1930
44.9411
151.6905
94.6437
308.8781
158.4509
63.4514
71.3070
210.4267
339.3051
67.3468
185.0995
20.0017
152.5058
76.4915
198.3301
169.9557
155.4319
114.8842
120.4857
195.7771
193.2820
184.4677
224.7839
127.8027
113.8714
179.4423
484.7749
86.9479
288.3048
120.8325
38.6301
418.7230
151.5018
180.6166
203.7463
100.0854
316.9358
172.6245
68.2839
344.5017
139.0296
132.1298
101.4391
184.8066
349.0369
43.0108
388.4429
113.8508
139.5894
270.4453
161.7982
151.8297
60.2938
61.7866
234.3561
134.8719
273.9979
90.0635
175.3898
71.6751
276.4730
246.7593
61.0440
239.7781
176.2503
172.4877
183.3625
239.4190
